actual,prediction,err%
5.3596,5.3747100385961355,-0.2819247443117981
5.3718,5.362528331585964,0.17259891310242656
5.388699999999999,5.371297753704486,0.32293960130483157
5.376399999999999,5.396018217112909,-0.3648950433916625
5.366400000000001,5.371800734143785,-0.10063979844558428
5.3597,5.364813029933647,-0.09539768893123238
5.3645000000000005,5.35796589820314,0.12180262460359945
5.3717,5.366715313942592,0.09279531726283394
5.361199999999999,5.370602970503092,-0.17538928790369115
5.3674,5.364229562581829,0.059068402171832034
5.373500000000001,5.368307638846194,0.09662903421990324
5.3749,5.370705693796189,0.07803505560683306
5.373500000000001,5.372713534270677,0.01463600501208096
5.3924,5.373606929470378,0.3485103206294534
5.3887,5.387385447003448,0.024394622015557834
5.391700000000001,5.388955904028987,0.05089481927804039
5.396999999999999,5.390961839836189,0.11187993633148834
5.3931,5.395474708386092,-0.04403234477559382
5.3902,5.393852433742737,-0.06776063490661952
5.4071,5.390143053516205,0.3136051947216598
5.4054,5.405822498093236,-0.007816222541078704
5.4068000000000005,5.406295302596053,0.009334493673657586
5.4092,5.406454093336612,0.05076363719936257
5.4115,5.408233586263468,0.060360597552104524
5.399800000000001,5.411124447168657,-0.2097197520029629
5.3946,5.4030878702085525,-0.15734012176163026
5.3955,5.394725022486393,0.014363404941280293
5.3971,5.395441414020894,0.030731058885439665
5.3986,5.396961617886914,0.030348277573553656
5.405500000000001,5.398600006701136,0.1276476421952668
5.409999999999999,5.407635169004511,0.04371221803120988
5.3987,5.410626555472132,-0.22091532169100286
5.4,5.395705691450971,0.07952423238943851
5.392500000000001,5.4000054266391135,-0.13918269149953783
5.384,5.392499964485363,-0.15787452610256827
5.388,5.383999898555333,0.0742409325290894
5.3833,5.38799999919926,-0.08730702727434446
5.4009,5.3835478317455525,0.32128290200610116
5.388800000000001,5.395483483679795,-0.12402545427172385
5.3749,5.398623618581512,-0.441377859709236
5.3781,5.378861483073377,-0.014158960848209098
5.370899999999999,5.377762487041158,-0.12777164052876294
5.3742,5.373376755122572,0.015318463723496167
5.3688,5.374877895031669,-0.11320770063456764
5.3687000000000005,5.370861503730617,-0.04026121278179838
5.3643,5.3696036883894385,-0.09887009282550192
5.3656999999999995,5.365820570149566,-0.0022470534984544025
5.375,5.366023164419043,0.1670108945294319
5.374099999999999,5.374806286882186,-0.013142421655468759
5.361999999999999,5.375587239490659,-0.25339872231741034
5.3610999999999995,5.366235652780748,-0.09579475817926691
5.3656999999999995,5.363440266032391,0.04211442994591638
5.360600000000001,5.365211235122247,-0.08602087680943744
5.354299999999999,5.358052898428093,-0.07009129910713319
5.352100000000001,5.353129678274442,-0.01923877121954006
5.353599999999999,5.351478385264259,0.0396296834978398
5.3527000000000005,5.355434332345182,-0.05108323547334679
5.3667,5.351079677549414,0.29106010119040626
5.3604,5.371187562708577,-0.20124547997493247
5.3466,5.362530016667808,-0.2979466701793376
5.3511999999999995,5.346600000683436,0.08596201443720136
5.3466,5.350778820237163,-0.07815846027686932
5.3572999999999995,5.349193388398972,0.1513189778624928
5.3725,5.353912083612421,0.34598262238396277
5.3612,5.372642837175531,-0.21343798357700527
5.369399999999999,5.358197014784603,0.20864501090243648
5.3687,5.366946070329233,0.03266954143027045
5.3687,5.3655454543884415,0.05875809062823468
5.3475,5.368698175089018,-0.3964128113888359
5.346900000000001,5.355513082669585,-0.1610855387156014
5.3589,5.3483722512216945,0.1964535404337785
5.3559,5.358629329699473,-0.050959310283474175
5.3591,5.3570993026579625,0.03733271150075997
5.3589,5.359830650071901,-0.017366438483655777
5.3717999999999995,5.360120888257218,0.21741523777469834
5.3834,5.366916686503017,0.3061877901880422
5.3788,5.382609026443406,-0.07081554330717042
5.381,5.377687401694704,0.0615610166381003
5.3789,5.3820475475324505,-0.05851656532842632
5.3770999999999995,5.378798893984273,-0.03159498585247578
5.380999999999999,5.376932516667884,0.07558972927180277
5.3787,5.381814392805332,-0.05790233337667901
5.3894,5.37823107338891,0.20723877632186494
5.388000000000001,5.390317387279169,-0.043010157371351415
5.391799999999999,5.386191610798046,0.10401701105294979
5.381699999999999,5.389044067752863,-0.1364637150503456
5.3809,5.383599647756685,-0.050170933425363946
5.379500000000001,5.381583230047617,-0.038725347106912285
5.378699999999999,5.3799304544606,-0.022876428516190303
5.385,5.37895653685707,0.11222772781670125
5.3847000000000005,5.3833848515395974,0.024423801890598125
5.3812,5.3845853427821275,-0.06291055493435971
5.3864,5.381504912184322,0.09087865393728116
5.386300000000001,5.385058549810923,0.02304829268845563
5.3795,5.386938092730693,-0.13826736184948338
5.378,5.3815843477884115,-0.06664834117537068
5.3794,5.378319963956104,0.02007725850274614
5.3962,5.378317493618931,0.33139072645694556
5.3955,5.391500010839159,0.07413565305980065
5.3886,5.392629520675672,-0.07477861922710032
5.3986,5.3885999948810275,0.18523330343001126
5.3903,5.397485344409286,-0.13330138228458072
5.385,5.391734370066612,-0.1250579399556512
5.3818,5.38650257331504,-0.08737919125645455
5.393999999999998,5.383128655725613,0.20154512929895707
5.4060999999999995,5.39101595262265,0.27901902253656113
5.4030000000000005,5.406672700423957,-0.0679752068102342
5.400099999999999,5.403110736232984,-0.0557533422155985
5.4032,5.400100009947534,0.05737322424612114
5.406200000000001,5.4027982428816905,0.06292325696996924
5.3941,5.407020271102404,-0.23952598398998726
5.3924,5.384222349239605,0.15165141236547125
5.3894,5.394599142829671,-0.09646978939531177
5.385599999999999,5.387159215949075,-0.028951573623659774
5.3809,5.386462319680863,-0.10337154901342534
5.371099999999999,5.3810523704782405,-0.18529482746999978
5.3796,5.368513520654649,0.2060837115278213
5.403,5.379599969071276,0.4330932986993009
5.456499999999999,5.415524969590833,0.7509398040715896
5.4574,5.508088663872038,-0.9288060957972349
5.4474,5.4536582890691045,-0.11488579999824738
5.4397,5.444912556574817,-0.09582433911459591
5.430599999999999,5.43705454519982,-0.1188551025636399
5.3872,5.42709278316346,-0.7405105279822607
5.3741,5.365694525908712,0.15640710242252037
5.377000000000001,5.372461521533199,0.08440540202345997
5.3818,5.378495225933211,0.06140648234399842
5.3717999999999995,5.383687530983638,-0.22129511492680576
5.375699999999999,5.366180012693514,0.17709297963959134
5.3826,5.377773954036536,0.08966012639734884
5.3795,5.3846793031154165,-0.09627852245406389
5.386399999999999,5.377767071961426,0.1602726874827996
5.3908,5.390179292914272,0.011514192433912737
5.3948,5.391154287419411,0.0675782713092029
5.3909,5.39343408037884,-0.047006629298250724
5.393199999999999,5.391154088290853,0.037935023903179065
5.395499999999999,5.392283667843028,0.05961138276288331
5.3933,5.39549996920162,-0.04079078118443912
5.407100000000001,5.3933036768735505,0.2551519876911872
5.403899999999999,5.409303135508087,-0.09998585295967147
5.404599999999999,5.405589961225733,-0.01831701191084188
5.4192,5.404517885892791,0.27092770348406875
5.419899999999999,5.4153880661344385,0.08324754821234366
5.4298,5.419596298240036,0.1879203978040544
5.437500000000001,5.428555014471625,0.16450548098162499
5.4313,5.437793217990281,-0.11955181982731201
5.4428,5.4315224029777545,0.20720212064094992
5.4428,5.440905888593999,0.034800312449491645
5.443499999999999,5.442772933996172,0.013356590499268099
5.446,5.4434999950229885,0.04590534294915891
5.4521,5.445952959305589,0.11274629398600274
5.4559,5.452024890933162,0.07102602809505451
5.475700000000001,5.455900007263616,0.36159747130749587
5.4701,5.480505946752194,-0.19023320875657718
5.4773000000000005,5.470279285606355,0.12817837974267207
5.473199999999999,5.479800882869706,-0.12060372121805958
5.474200000000001,5.476562860000437,-0.04316356728720089
5.4918000000000005,5.473860369967318,0.32666211502025155
5.4992,5.4931960443816035,0.1091787099650243
5.496099999999999,5.501218138753495,-0.09312310098970755
5.481699999999999,5.495992425981052,-0.2607298097497728
5.4868999999999994,5.480747197839667,0.11213621827137535
5.4939,5.486349351211459,0.13743695350372742
5.4909,5.491554403460478,-0.01191796354838537
5.487700000000001,5.492397287878104,-0.08559665940380964
5.4799999999999995,5.487385672294335,-0.13477504186742822
5.470199999999999,5.48068231380712,-0.19162578712150183
5.4656,5.4665373274857725,-0.017149580755493332
5.4718,5.465142303193804,0.12167288289404644
5.481000000000001,5.475248419719159,0.10493669550888717
5.4755,5.4844644382757695,-0.16371908091990145
5.4681,5.468979478784985,-0.01608380945822659
5.4595,5.4668331180950975,-0.13431849244614508
5.4557,5.453217842402314,0.0454965925121717
5.450399999999999,5.455046721156767,-0.08525468143195623
5.463500000000001,5.446299314288671,0.31482906033365743
5.4689,5.463735370600194,0.09443634734234994
5.4552,5.468506124566079,-0.24391634708313664
5.4505,5.45247618834604,-0.03625701029336896
5.4542,5.45105444399147,0.057672179394408656
5.451099999999999,5.455581126711419,-0.0822059164465762
5.442100000000001,5.448262674582923,-0.11324074498671
5.4481,5.439986039411172,0.14893193202819058
5.4573,5.45346234335609,0.07032152610099833
5.457999999999999,5.4570827153654715,0.016806241013700658
5.4566,5.4586289865731175,-0.03718408116991467
5.448899999999999,5.4552729144168675,-0.11695781564844776
5.4549,5.4427820850658994,0.22214733421512511
5.450499999999999,5.453832967747729,-0.06114976144812929
5.449599999999999,5.4516760843231635,-0.03809608637632479
5.4504,5.449600010948019,0.014677620944910832
5.451999999999999,5.451089839132757,0.016694073133572677
5.4304,5.45186953677045,-0.39535829350416263
5.4459,5.43572360522442,0.18686341606676113
5.4373,5.439459217326829,-0.03971120458369451
5.4482,5.441740591424635,0.11856041583211133
5.4849,5.44019816198115,0.814998231851989
5.467,5.477208120812956,-0.18672253178994921
5.4738999999999995,5.459831212190115,0.25701579878852104
5.446599999999999,5.471851628383785,-0.4636218628830061
5.4429,5.457280885265607,-0.26421365936555047
5.4321,5.442521080740782,-0.19184257912744745
5.4336,5.435729081012972,-0.03918361699373325
5.4397,5.43233939497413,0.13531270154366137
5.4192,5.439467205454014,-0.37398888127425234
5.4169,5.418033625156279,-0.020927562928594153
5.421500000000001,5.41377063200544,0.14256880926976806
5.4291,5.421501743853014,0.13995424926757769
5.4245,5.42881288719419,-0.07950755266272952
5.423000000000001,5.424263480416522,-0.02329855092239475
5.4243,5.42340762517817,0.016451428236452834
5.407699999999999,5.424257691669025,-0.3061873193599084
5.4136,5.413478862157404,0.0022376577988037884
5.402500000000001,5.415219570688747,-0.2354386059925336
5.413799999999999,5.40467545339977,0.16854236581013318
5.421299999999999,5.406551372035319,0.2720496553350553
5.4220999999999995,5.421307341556452,0.014619030330450694
5.4146,5.4216680748307535,-0.1305373403529983
5.415399999999999,5.416641209453375,-0.02291999581519006
5.4113999999999995,5.413568391296241,-0.04007080046276011
5.418199999999999,5.415064265378492,0.05787410249726976
5.446599999999999,5.414912051144456,0.5817932077909755
5.4243999999999994,5.445958185006075,-0.3974298541050804
5.4246,5.424721988910096,-0.00224880931490011
5.4125,5.421316484243579,-0.16289116385365265
5.4132,5.418504655145006,-0.09799481166419943
5.4106000000000005,5.418209551157054,-0.14064153988566427
5.4182,5.416005133138281,0.04050915177953303
5.421500000000001,5.418613065849527,0.053249730710570604
5.4207,5.420214170683134,0.008962483016328843
5.4152,5.420682837646624,-0.10124903321437281
5.422999999999999,5.418022903391362,0.09177755133020243
5.4199,5.420756496718202,-0.015802814040875794
5.415399999999999,5.420895884160518,-0.10148620896921424
5.4185,5.417676244543744,0.015202647527105963
5.4071,5.418303908128119,-0.20720734086884735
5.412999999999999,5.412112855166012,0.01638915266926119
5.414599999999999,5.4122826189527,0.04279874870349005
5.4092,5.413351412035297,-0.07674724608623801
5.4138,5.412171517132317,0.030080218472845543
5.4177,5.411096834986964,0.12188133364778891
5.4268,5.41671365676448,0.1858617092120636
5.4215,5.424389648816609,-0.0532998029440012
5.4124,5.421047860417913,-0.15977866413998906
5.4039,5.414567267808491,-0.19739943019838815
5.4085,5.402704408230796,0.10715710029036332
5.4108,5.408354286578848,0.045200588104387235
5.4147,5.411169172251128,0.06520818787507528
5.413,5.414364258825061,-0.025203377518208718
5.4078,5.413048634822932,-0.09705674808483891
5.403999999999999,5.406444187444353,-0.0452292273196508
5.415399999999999,5.403519112322416,0.21939076850431483
5.4071,5.415407243909067,-0.15363584747956305
5.404099999999999,5.409540623751364,-0.10067585261866614
5.425999999999999,5.409116498244384,0.31115926567666247
5.4109,5.405307296176411,0.1033599553417876
5.401600000000001,5.411513259558011,-0.1835245030733451
5.4101,5.411637636090805,-0.028421583534589324
5.3987,5.41042219935855,-0.21713003794524421
5.4047,5.410409853302425,-0.10564607290737105
5.3757,5.403972546359152,-0.5259323689780306
5.371100000000001,5.395441340635443,-0.4531909782994589
5.3795,5.371982673585089,0.13974024379423916
5.380400000000001,5.378066350929417,0.04337315200698994
5.3803,5.379677399019337,0.011571863663055165
5.3666,5.380266871525408,-0.2546653658817132
5.360999999999999,5.368588226718338,-0.14154498635216126
5.3572999999999995,5.361678725384909,-0.08173380965989334
5.3603,5.357410725671509,0.05390135493331135
5.3604,5.360588008421054,-0.0035073580526398993
5.3612,5.360130076828407,0.019956785264373663
5.358099999999999,5.361327492624651,-0.06023576686980764
5.3703,5.357119262813492,0.24543763265568913
5.3566,5.3725650664760005,-0.29804477608931534
5.3529,5.362124218880432,-0.17232189804464268
5.3392,5.353634638462934,-0.2703520838877302
5.334499999999999,5.34380952587088,-0.1745154348276516
5.3267999999999995,5.3342276399640625,-0.13943906217734714
5.3145,5.3276625274232785,-0.24767198086891948
5.3161,5.309181308409193,0.13014600159527856
5.311599999999999,5.313457531370123,-0.03497122091503941
5.3176000000000005,5.308700133511503,0.16736622702906173
5.304,5.3181701434376,-0.2671595670738988
5.304200000000001,5.29868653514368,0.10394526707743096
5.2994,5.302384826457253,-0.05632385661117314
5.2985999999999995,5.296470876295388,0.040182759683915284
5.2894000000000005,5.298461314885586,-0.17131082704248396
5.3008999999999995,5.291772974228294,0.17217879551972495
5.2979,5.294305404376625,0.06784944267304333
5.3611,5.302097102928306,1.100574454341361
5.3222000000000005,5.348154945570171,-0.48767324734452283
5.3039,5.352744545084729,-0.9209175339793217
5.3047,5.307821172573221,-0.058837871570885325
5.2994,5.3069802426074615,-0.14303963859042818
5.305400000000001,5.304915264682383,0.00913664035921161
5.3139,5.306739548259831,0.13474946348575526
5.3108,5.310012881390188,0.014821093052129797
5.3232,5.309778643808968,0.2521294745835654
5.335999999999999,5.314255122252043,0.40751270142346485
5.3306,5.318731571920736,0.22264713314192325
5.3316,5.32464649223332,0.13042065733887723
5.3292,5.330564570143852,-0.025605534486448787
5.3208,5.329199983899556,-0.15787069424814745
5.3252999999999995,5.319750761653856,0.10420517803960475
5.3262,5.3257673415732825,0.008123210294723826
5.3262,5.3262000013541115,-2.54235944877078e-08
5.3252,5.327944761118679,-0.051542873857865455
5.3267999999999995,5.324971663809661,0.034323349672193394
5.332199999999999,5.326587337307415,0.10525979319201337
5.3345,5.332143212172532,0.04418010736653771
5.3245999999999984,5.33448053442707,-0.18556388136332078
5.316999999999999,5.325475987176908,-0.15941296176243927
5.316199999999999,5.314266230821878,0.036375026863575126
5.332299999999999,5.314731145394339,0.32947986057910894
5.319199999999999,5.329839511449998,-0.20002089505939025
5.3008999999999995,5.3234848738375575,-0.4260573456876762
5.304,5.306495684716943,-0.04705287927870272
5.3039000000000005,5.302930550490977,0.018278050284193416
5.302499999999999,5.303864764475428,-0.02573813249275695
5.3062,5.301716625059351,0.08449313898173393
5.316199999999999,5.308443632908342,0.14590058860947985
5.346,5.319831510483343,0.48949662395541965
5.302499999999998,5.363346769006032,-1.147510966639014
5.303300000000001,5.311392598930128,-0.15259553353812264
5.3062,5.310325333932039,-0.07774554166898176
5.3077,5.309573210109573,-0.035292313234981006
5.3077,5.308611168239569,-0.01716691296737327
5.294700000000001,5.309188234390061,-0.27363654956957534
5.3069999999999995,5.305612565322582,0.026143483652117296
5.315499999999999,5.3083911322740525,0.1337384578298705
5.3123,5.310851796289157,0.02726133145422425
5.3094,5.310892069158147,-0.0281024062633554
5.2979,5.3104981101618165,-0.2377944121598411
5.3038,5.299081641096998,0.0889618557072662
5.2963,5.305320552631755,-0.17031800751005519
5.295599999999999,5.302050950576343,-0.12181717985391512
5.2994,5.299115894713523,0.005361084018512346
5.2879000000000005,5.301281446075932,-0.25305785048755863
5.2984,5.288807284573606,0.1810492870752335
5.290899999999999,5.292199065420934,-0.024552825056886936
5.280899999999999,5.294147352981435,-0.25085407755185424
5.273499999999999,5.285894637642699,-0.23503626894282717
5.274099999999999,5.275657109233616,-0.02952369567541096
5.2742,5.27397662403807,0.00423525770600502
5.278,5.274290104404677,0.07028979907773733
5.2847,5.27720441257562,0.141835627838474
5.2886,5.284052224206697,0.08599205448139415
5.2916,5.288544997116055,0.05773306531000919
5.287299999999999,5.2933426539611395,-0.11428619448755004
5.2726999999999995,5.282645247662766,-0.18861774162700007
5.284800000000001,5.2596282411284045,0.4763048530047695
5.2918,5.283178332696731,0.16292504069067798
5.2879000000000005,5.291800047075793,-0.07375417605841324
5.281700000000001,5.288138633121923,-0.12190455955321516
5.2658000000000005,5.282560863265589,-0.3182966171443741
5.2665,5.2667177909128915,-0.004135401365076573
5.2793,5.268547674838775,0.2036695236342915
5.2918,5.280236242610234,0.21852219263325656
5.280899999999999,5.288378976585703,-0.14162314351159339
5.2879,5.281136171627193,0.12791142746281517
5.2947,5.290704506984325,0.07546212279591186
5.2947,5.291102196610497,0.06795103385465752
5.2917,5.294680753497812,-0.05632884513129187
5.281100000000001,5.291848962091713,-0.20353642407285621
5.2857,5.282017625512078,0.06966673265455793
5.2941,5.287142031408248,0.13142873371777
5.284000000000001,5.293533155684026,-0.18041551256671115
5.276300000000001,5.287963576311379,-0.22105597315121786
5.2787,5.283595405376827,-0.09273884435235064
5.281700000000001,5.280771827279639,0.01757337070188781
5.2827,5.283036489226118,-0.00636964480508405
5.2787,5.282701024016735,-0.07579563181720815
5.2734000000000005,5.277995532793622,-0.08714553786213435
5.2809,5.2718158184617145,0.17201957125272938
5.2888,5.281181080882794,0.1440576145289337
5.289499999999999,5.290690738551774,-0.022511363111346074
5.2888,5.28982017598359,-0.019289365897556036
5.2879000000000005,5.28868120073483,-0.014773364375831008
5.292600000000001,5.2875077567714515,0.0962143980000306
5.2988,5.294924604216747,0.07313723452957524
5.2909999999999995,5.300322873495655,-0.17620248527037263
5.2903,5.288440142256585,0.03515599764503829
5.310099999999999,5.292480261478686,0.33181556884641095
5.2911,5.3228785369016,-0.6006035966358547
5.2902,5.299851865107605,-0.182448019122261
5.2988,5.294030983472467,0.09000182168665923
5.300199999999999,5.294230817176538,0.11262184112791206
5.3008,5.2955756914132275,0.09855698360195166
5.294200000000002,5.29608614902654,-0.03562670519697965
5.290200000000001,5.296728368538473,-0.12340494761014799
5.2902000000000005,5.296743109389919,-0.12368359211217343
5.296400000000001,5.295227755997986,0.022132844989340535
5.295599999999999,5.292174175315195,0.06469190808981067
5.2909,5.295292636242014,-0.0830224771213577
5.288000000000001,5.290811614341262,-0.05316971144593174
5.2872,5.28727631225195,-0.0014433396116960795
5.284100000000001,5.2870047268491875,-0.05497108020639634
5.292600000000001,5.282809574485307,0.18498328826463992
5.2962,5.292600025966158,0.06797277357051265
5.2902000000000005,5.2966888632865,-0.12265818469054522
5.2925,5.289962327944541,0.047948456409249246
5.2941,5.292320777709594,0.03360764417760339
5.294900000000001,5.2940496015965195,0.01606070753898196
5.3078,5.294611163325126,0.24848028702804725
5.2993,5.306874370823234,-0.14293153479203502
5.295399999999999,5.301752306315106,-0.11995895145045121
5.294099999999999,5.297383197118223,-0.06201615228695471
5.2931,5.295356914247221,-0.042638798572123625
5.2948,5.294774689210247,0.000478031082439107
5.3001000000000005,5.295328165406281,0.09003291624156762
5.305999999999999,5.298887025224046,0.13405531051552053
5.3039000000000005,5.30599993868025,-0.03959235053921416
5.3145,5.3027437189898246,0.22121142177392475
5.3084,5.311828364612112,-0.06458376558120128
5.3048,5.310383800529874,-0.10525939771290267
5.3032,5.305262833088925,-0.03889789351569846
5.314599999999999,5.303511165335493,0.20864852791377528
5.3131,5.311833389014246,0.02383939669410788
5.3145999999999995,5.312548102193662,0.03860869691674861
5.3176,5.314277880913725,0.062474031259870784
5.31,5.31457210664318,-0.0861037032613952
5.305399999999999,5.309855716827311,-0.08398455964323659
5.312299999999999,5.306131795775609,0.11611174490126722
5.3069999999999995,5.311955432037894,-0.09337539170706934
5.313100000000001,5.308466981216447,0.08719991687629398
5.3092000000000015,5.310963242699455,-0.03321108075517641
5.322299999999999,5.310427915246742,0.2230630508099353
5.3091,5.312524006690391,-0.06449316626907053
5.3078,5.31986036214257,-0.22721960402747113
5.3039000000000005,5.311649376459119,-0.14610713737284925
5.3132,5.30632117385297,0.1294667271518159
5.3092999999999995,5.308160305137926,0.021466009870865863
5.3163,5.3142589307531845,0.03839266495148081
5.3261,5.311563804179128,0.2729238245784357
5.3238,5.3233123544865455,0.009159726388196687
5.3382,5.324969052515653,0.2478540984666565
5.345200000000001,5.331572895494335,0.25494096583225984
5.3001000000000005,5.345503043463241,-0.8566450343057758
5.307100000000001,5.288914508181413,0.34266344743058197
5.3451,5.311926542759735,0.6206330515849239
5.3130999999999995,5.327827186595082,-0.27718632427551165
5.3247,5.321345661726219,0.06299581711234976
5.3162,5.322578023130947,-0.11997334808597697
5.3107999999999995,5.324062196411776,-0.24972125502328704
5.3191,5.321850412888045,-0.05170823801104209
5.3382,5.321921122442157,0.30495068670792
5.3366,5.322674047699662,0.26095177267057046
5.342099999999999,5.321521272313405,0.38521794213126076
5.3489,5.335368799649774,0.252971645576223
5.354399999999999,5.344443937945359,0.1859416938338636
5.3597,5.352993374668499,0.1251306105099459
5.366499999999999,5.35966089807991,0.1274406395246347
5.3713,5.368880482924374,0.04504527908747601
5.361999999999999,5.374519736925043,-0.23349005828130967
5.362799999999999,5.362128320668429,0.012524788013168427
5.3656,5.362767564338692,0.05278879643111007
5.371899999999999,5.366519334885973,0.10016316599389037
5.3801,5.374660828078913,0.1010979706898799
5.388599999999999,5.384282923378574,0.08011499501586886
5.3801,5.392568853928347,-0.23175877638608455
5.377299999999999,5.380072709344902,-0.051563225873636126
5.376399999999999,5.3767374524054246,-0.006276549464793427
5.381600000000001,5.376312063545126,0.09825955951528495
5.3742,5.382821040757279,-0.160415331719681
5.3804,5.373681527705012,0.12486938322407687
5.377299999999999,5.380400010494087,-0.057649945029813215
5.374099999999999,5.3774129705784715,-0.06164698421078914
5.377199999999999,5.377536004249423,-0.006248684248750574
5.380199999999999,5.376276184267317,0.07293066675370125
5.3795,5.378136610540816,0.025344166914851956
5.4131,5.377520132167232,0.6572918998867133
5.400099999999999,5.400445147111224,-0.006391494809814584
5.3903,5.407287344769805,-0.31514655529015106
5.4047,5.3915373198843,0.24354136428849146
5.4063,5.400449924883956,0.10820848114318
5.3900999999999994,5.4040476098211725,-0.25876347045830406
5.3809,5.39522950261295,-0.2663030833680315
5.3946000000000005,5.384023969964937,0.19604845651324818
5.405399999999999,5.392848813426085,0.23219718381460655
5.398499999999999,5.39712398886485,0.025488767901255743
5.401599999999999,5.395532135918201,0.11233456904987293
5.412399999999999,5.4053366594173635,0.13050292998735255
5.414699999999999,5.415450787568264,-0.013865727893786445
5.395399999999999,5.414313534842775,-0.35054926127398706
5.383299999999999,5.383137713120395,0.0030146356250639527
5.3778999999999995,5.385828186319399,-0.1474216017292925
5.3811,5.372718498272825,0.155758148467327
5.3948,5.384253009918599,0.19550289318235103
5.398599999999999,5.399153672324454,-0.010255850117712028
5.3993,5.397242494037836,0.038106902045901565
5.395499999999999,5.401237779444086,-0.10634379471943162
5.399399999999999,5.390941971531317,0.15664756211211825
5.3956,5.402233335238542,-0.1229397145552247
5.3978,5.391905075152944,0.10920976781385633
5.403099999999999,5.398862946193573,0.07841894109727184
5.398600000000001,5.403423095267455,-0.08933974118205443
5.3817,5.397816994219564,-0.29947775274660066
5.3789,5.374515767875713,0.08150796862345176
5.3727,5.379802269663726,-0.13219181535774815
5.3765,5.370944964011358,0.10332067308923068
5.3712,5.377247746879685,-0.11259582364620385
5.3588,5.369965578364367,-0.208359676874807
5.356399999999999,5.355177186742742,0.02282901309195302
5.352799999999999,5.356571543532227,-0.07045926491233821
5.3519,5.350795828022818,0.02063140150566342
5.343,5.350534190683441,-0.14101049379451971
5.3498,5.339503162859795,0.19247144080536582
5.352,5.350298191486376,0.03179761796757603
5.348899999999999,5.3506426525724065,-0.03257964389702181
5.3443,5.34872932728224,-0.08287946564078433
5.3506,5.342772729248106,0.14628772010416777
5.3481,5.350639943089307,-0.04749243823615127
5.377999999999999,5.348355386512166,0.551220035102886
5.380299999999999,5.3731279815618995,0.13330145973458116
5.3633,5.379019385627403,-0.29309167168354566
5.3636,5.361381689373651,0.041358614108969655
5.3566,5.3627726072247865,-0.11523367854210315
5.367999999999999,5.3566125781930864,0.21213527956246256
5.369600000000001,5.36601692539734,0.06672889233203272
5.3702,5.366627757301936,0.06651973293477999
5.374300000000001,5.370128483937644,0.07761970977349184
5.3642,5.370060807920252,-0.10925781887796478
5.3697,5.367012638420551,0.05004677318004605
5.3696,5.3697335067127865,-0.0024863437273974862
5.367999999999999,5.369305915906277,-0.024327792590860237
5.370500000000001,5.368777301694051,0.032077056250813786
5.375,5.368926451538514,0.11299625044624703
5.3786999999999985,5.3704462748007735,0.15345204601901877
5.3705,5.374655669736452,-0.07737956868917202
5.3725,5.373291765262956,-0.014737371111336349
5.362,5.372420144196676,-0.1943331629368856
5.3603,5.367355060808702,-0.13161690220141278
5.3534999999999995,5.359646013081278,-0.11480364399511515
5.3536,5.35591879352949,-0.04331279007564886
5.3551,5.353039486715237,0.03847758743559056
5.359100000000001,5.3554549192435035,0.06801665870196795
5.3575,5.357322070065271,0.0033211373724515727
5.3535,5.360225367550851,-0.1256256197039416
5.3641,5.352379974753892,0.21849005883760228
5.3748,5.362294173354722,0.23267519991957936
5.3801,5.378443563783283,0.030788204990922628
5.3819,5.382445943294298,-0.010144062399867477
5.3725999999999985,5.3815381006025325,-0.1663645274640579
5.368199999999999,5.364354385639419,0.07163694274766748
5.3656999999999995,5.3683405939201965,-0.04921247777917138
5.3635,5.362926634593393,0.010690135296119162
5.3581,5.362569202926732,-0.08341021867325538
5.3588000000000005,5.355640549416553,0.05895817316278144
5.3658,5.360416056345191,0.10033813513007458
5.3641000000000005,5.368455051493403,-0.0811888572808628
5.385700000000001,5.362177387763867,0.4367605369057617
5.387300000000001,5.387716831282692,-0.007737294798713625
5.3818,5.38925724901718,-0.1385642167523842
5.3879,5.381799984886446,0.11321693263709345
5.3895,5.386929824043346,0.04768857884134144
5.3872,5.3901281857435945,-0.054354502219975995
5.3833,5.387369762558076,-0.07559977259442487
5.3788,5.383370990567116,-0.08498160495120899
5.373399999999999,5.378966483557895,-0.10359332187992534
5.3756,5.373399932706942,0.04092691593605251
5.374099999999999,5.378653781130976,-0.0847356977163874
5.3833,5.374203504070311,0.16897620288092552
5.379500000000001,5.38251969929552,-0.056133456557660985
5.3770999999999995,5.379500016581091,-0.04463403286328673
5.380999999999999,5.37710000406889,0.07247715909886042
5.3826,5.380652446694696,0.0361823896500606
5.3733,5.381930992286389,-0.160627403762833
5.3779,5.377454651936062,0.008281077445445038
5.3709,5.377765439845796,-0.12782661836557324
5.364199999999999,5.375332946861546,-0.2075416066057646
5.3688,5.363817447425156,0.09280570285435459
5.3688,5.367562535195445,0.02304918798531224
5.373300000000001,5.3690885701822015,0.07837697165242515
5.3772,5.371850049690316,0.09949323643688357
5.4002,5.37755819462655,0.4192771633170964
5.4222,5.399092132258104,0.4261714385654632
5.4220999999999995,5.43825605336067,-0.29796671696704535
5.431399999999999,5.418699224889248,0.23383980393179102
5.4306,5.436433609645743,-0.10742108875156989
5.442799999999999,5.431281390146089,0.21163022440490517
5.4291,5.447804455831033,-0.3445222197239501
5.4075999999999995,5.426196167844684,-0.34388948599534785
5.4152,5.398564315161486,0.3072035167401731
5.417,5.419353108364998,-0.0434393273952028
5.4152000000000005,5.417580831549247,-0.04396571778044841
5.416100000000001,5.415280195644093,0.015136433151308222
5.4199,5.418058141876027,0.03398324921074958
5.432200000000001,5.420783708620545,0.21015962923780807
5.4229,5.435984520722063,-0.24128272182896413
5.4322,5.42310141903571,0.16749348264588634
5.4191,5.431984223960192,-0.23775578897217986
5.4177,5.428813773173159,-0.20513821682926706
5.4123,5.413202293007832,-0.01667115658467154
5.418500000000001,5.416798269291458,0.031405937225120986
5.426900000000001,5.415151858677102,0.21647978261805137
5.424500000000001,5.425703623224013,-0.022188648244303437
5.4276,5.424782630837063,0.051908194467848695
5.4192,5.427578281900646,-0.15460366660478259
5.4283,5.423664420288846,0.08539652766343304
5.431300000000001,5.4244572536912985,0.12598726471936053
5.427600000000001,5.430755179043146,-0.058132121806050874
5.43,5.427073004550884,0.05390415191741374
5.4361,5.429278202820483,0.12549064916974645
5.4207,5.434656760115037,-0.25747154638768044
5.419300000000001,5.426636909857823,-0.13538482567531646
5.4246,5.4250788304834066,-0.008827019197852178
5.4216,5.424213960415966,-0.04821381909337667
5.4178,5.424011798204955,-0.11465536204649468
5.415400000000001,5.420327428413713,-0.09098918664755999
5.4169,5.415775865202072,0.02075236385992501
5.412400000000001,5.417152149556253,-0.08780115209985555
5.411600000000001,5.413545993297366,-0.035959666223766236
5.4123,5.411753758117177,0.01009260171873399
5.43,5.411695760628675,0.33709464772237724
5.421499999999999,5.430000012487589,-0.15678340842184355
5.414,5.423438186505342,-0.17432926681459396
5.4062,5.415667331180576,-0.1751198842176795
5.402399999999999,5.406458806320365,-0.07512968903386837
5.4087000000000005,5.4023999919895624,0.11647915414865055
5.403899999999999,5.408699971509791,-0.08882421047376794
5.398499999999999,5.404238191020657,-0.10629232232394145
5.3986,5.40070080555372,-0.03891389533805365
5.4025,5.399646991939264,0.05280903397938127
5.3903,5.4020156349293265,-0.217346621325837
5.389500000000001,5.3864048059139975,0.057430078597334414
5.3901,5.389701225345654,0.007398279333343863
5.3964,5.390294984064927,0.11313127149715778
5.3941,5.396950086774123,-0.05283711414551939
5.391799999999999,5.3946890378405215,-0.05358206611006367
5.3911,5.392028048987385,-0.017214464346512866
5.3900999999999994,5.392101055808757,-0.03712465091106909
5.3887,5.390338335357182,-0.030403165089573185
5.3848,5.389021569618299,-0.0783978906978636
5.391,5.384799978126706,0.11500689803921439
5.3888,5.389862134029868,-0.019710028760915443
5.394800000000001,5.389004784504867,0.10742224911273321
5.395500000000001,5.3916082779717875,0.0721290339767126
5.398500000000001,5.395732066559463,0.05127226897357794
5.3956,5.397035615007035,-0.026607142987533795
5.3932,5.39741851294619,-0.0782191082509337
5.385700000000001,5.391583576790227,-0.10924442115650905
5.3894,5.3857001285675,0.06865089680670391
5.385599999999999,5.388690196045932,-0.0573788630037997
5.3956,5.388553108245081,0.1306044138727608
5.403300000000001,5.392511479342983,0.19966540182884052
5.407000000000001,5.403767100644644,0.05979099972918396
5.4069,5.407482815080763,-0.010779098573351126
5.4055,5.407570831133346,-0.038309705547052826
5.407000000000001,5.405465438212838,0.02838102066141919
5.4123,5.406983295592519,0.09823373441016447
5.4192,5.41211796466659,0.130684147723104
5.420100000000001,5.4209130114561255,-0.014999934616056717
5.4209000000000005,5.4182200798637705,0.049436811898946185
5.413900000000001,5.423575772104381,-0.17872092399896722
5.4153,5.4110691038119905,0.07812856513969232
5.4177,5.4153,0.04429924137548657
5.423799999999999,5.418404108043789,0.09948545219606668
5.429000000000001,5.425800306026844,0.05893707815725838
5.436000000000001,5.431210252595601,0.08811161523913563
5.4322,5.440197106217235,-0.14721671177857007
5.4292,5.432308677962632,-0.05725849043380098
5.4329,5.428107693343872,0.08820899806968978
5.4529000000000005,5.43381255843252,0.35004202474793616
5.4572,5.468427128962027,-0.20573057542378348
5.4635,5.4573932916025685,0.11177282689542099
5.5023,5.465913842761512,0.6612899558091755
5.5023,5.519749391124549,-0.3171290392117623
5.4841,5.50155814773902,-0.3183411633453173
5.5275,5.4849195718934105,0.7703379123761077
5.4559999999999995,5.52169042433933,-1.204003378653424
5.4504,5.502742451721303,-0.9603414744110977
5.4474,5.453751765549557,-0.11660178341147394
5.448799999999999,5.448446506334065,0.006487550762266945
5.4517,5.448425325407186,0.06006703583861605
5.455100000000001,5.4506354646707456,0.08184149381780663
5.459600000000001,5.453205438840445,0.11712508534609677
5.4534,5.4575353266632805,-0.07583024651190456
5.4703,5.456139189404817,0.25886716624651973
5.4719,5.46726821209801,0.08464679365466664
5.458799999999999,5.468929414561674,-0.1855611958979047
5.461100000000001,5.4620807466552,-0.017958774884166282
5.458699999999999,5.4604204118726,-0.031516878974859136
5.460299999999999,5.459520448481632,0.014276715901461552
5.4558,5.460214618594935,-0.08091606354585892
5.4609000000000005,5.457587536181191,0.06065783696477396
5.4664,5.460200616157085,0.11340889512138329
5.4617,5.463316812174081,-0.029602727613751635
5.4649,5.461795978846431,0.05679923060932705
5.4627,5.4638922967759465,-0.021826144140197453
5.4558,5.463164990208399,-0.13499377191976902
5.4517999999999995,5.458094484985797,-0.11545700476535761
5.456499999999999,5.451800001674435,0.08613577065085684
5.456699999999999,5.456846564199207,-0.002685949368816706
5.4521,5.456872720193496,-0.0875391169181774
5.4421,5.45186744195418,-0.17947928105290237
5.449,5.441194636491403,0.1432439623526673
5.458,5.448727124365984,0.16989511971447654
5.462599999999999,5.457978252091369,0.08460710849467923
5.4649,5.463785737616512,0.020389437747948966
5.4681,5.465523470634247,0.04711928029393168
5.454999999999999,5.469045402408069,-0.2574775876823069
5.455900000000001,5.456584709753048,-0.012549895581794574
5.463399999999999,5.456119738863308,0.13325513666748834
5.4657,5.462455466192424,0.059361725077783055
5.468,5.465778405325507,0.040629017455984504
5.4657,5.467992187913399,-0.04193768251823639
5.462599999999999,5.464845348702701,-0.041104029266313756
5.4643,5.462600007404582,0.03111089426674513
5.473999999999999,5.464286740249117,0.17744354678265736
5.513,5.473575070371143,0.715126603099164
5.4931,5.564914378502139,-1.3073561104319744
5.531999999999999,5.496197567835398,0.6471878554700169
5.569399999999999,5.509367462315977,1.0778995526272541
5.5053,5.571747607903222,-1.2069752402815854
5.487900000000001,5.525155041093876,-0.6788578708408499
5.495399999999999,5.491060315445476,0.07896940267356627
5.4746999999999995,5.494198408310765,-0.35615482694513334
5.481800000000001,5.469924193369583,0.2166406404906678
5.4849000000000006,5.488192631407383,-0.060030837524520986
5.4962,5.491403597202402,0.08726761758301632
5.4984,5.499445153307785,-0.019008317106515567
5.5115,5.494942384833997,0.30041939882070545
5.496999999999999,5.507695541602934,-0.19457052215635923
5.5214,5.4896504909220125,0.5750264258700212
5.4939,5.510942294642099,-0.31020394696115994
5.454400000000001,5.515441243201884,-1.1191193018825714
5.4683,5.471704879682069,-0.0622657806277847
5.481000000000001,5.467833322932161,0.24022399320999863
5.484799999999999,5.484166835428739,0.011543986494681316
5.5390000000000015,5.486826088001045,0.9419373894016274
5.574000000000001,5.535905596756307,0.6834302698904487
5.567100000000001,5.571541483046792,-0.07978091011102598
5.5748,5.5689998605667625,0.10404210793637808
5.5801,5.5820553372375485,-0.035041257998041336
5.6023000000000005,5.575889235628247,0.4714271704791552
5.5946,5.621896189283272,-0.4879024288290919
5.595400000000001,5.6017818730330085,-0.11405570706308496
5.584,5.598371228029114,-0.2573643988021918
5.6024,5.579276526325576,0.4127422832076276
5.606999999999999,5.6011642138530044,0.10408036645255701
5.6077,5.60991685510851,-0.03953234139682929
5.615400000000001,5.607523869338551,0.14025947682177756
5.606000000000001,5.618237593145667,-0.21829456199904806
5.609800000000001,5.608200272104226,0.028516665402945732
5.6146,5.607119183077908,0.13323864428618074
5.6282000000000005,5.6128513736321315,0.2727093274558304
5.6313,5.625976936160403,0.09452637649561119
5.632800000000001,5.630857885774625,0.034478664702747804
5.6573,5.634103612208648,0.4100257683232701
5.625700000000002,5.663170171078387,-0.6660534880705533
5.6160000000000005,5.646393550997449,-0.541195708644029
5.6243,5.617260149883309,0.1251684674837867
5.6221000000000005,5.6237459081865895,-0.029275683224932677
5.6175,5.622363539550348,-0.08657836315707493
5.614399999999999,5.620689188211192,-0.11201888378443048
5.6152,5.620128509220517,-0.08777085803741466
5.616899999999999,5.620017212849385,-0.05549703305000462
5.631099999999999,5.617331490183444,0.24450835212578317
5.632700000000001,5.627667696346252,0.08934087833096548
5.6274,5.627718812644753,-0.00566536312956797
5.6258,5.627576028245054,-0.03156934560513796
5.6282999999999985,5.625351745305099,0.05238268562265318
5.6082,5.628784169868503,-0.3670370148800463
5.617599999999999,5.606971525718381,0.18919955642297734
5.6083,5.616111871367633,-0.1392912534570796
5.607499999999999,5.612799011293677,-0.09449864099291906
5.6030999999999995,5.607824619818843,-0.08432153305926642
5.6008,5.6055909221601645,-0.08553996143702629
5.6000000000000005,5.60166023413329,-0.029647038094461814
5.606,5.600222987791662,0.10305052101922219
5.6198,5.603795151580396,0.2847939147230078
5.6092,5.6165428955057095,-0.13090807077139524
5.587700000000001,5.616495260180957,-0.5153329667118216
5.580900000000001,5.598000239104307,-0.3064064775270341
5.5886,5.580586103636862,0.14339720794362704
5.599100000000001,5.596004710682557,0.05528190811815916
5.5504,5.60135760689411,-0.9180889106030276
5.5358,5.564982818908661,-0.5271653403060328
5.542,5.54279181127187,-0.01428746430657808
5.5382,5.537181004342268,0.01839940156967171
5.5298,5.5420806890105325,-0.22208197422208215
5.5359,5.528003808277948,0.14263609750992862
5.525099999999999,5.537881957743713,-0.23134346425791474
5.531299999999999,5.520993860921843,0.18632399396445737
5.5305,5.532957253834106,-0.04443095261018592
5.5426,5.530009114813256,0.22716568373586013
5.536600000000001,5.546259291998681,-0.17446252210165858
5.5374,5.540702734983022,-0.059644146766021845
5.5397,5.534459171536871,0.09460491476305394
5.5352,5.539395511436122,-0.07579692578627815
5.5436000000000005,5.537562693401576,0.1089058842345216
5.550600000000001,5.538170050587322,0.22393884287607038
5.5361,5.550039988714362,-0.2518016060830122
5.535199999999999,5.53822196051806,-0.05459532660176741
5.5382,5.5380368378599325,0.0029461222069857643
5.524399999999999,5.538896813986109,-0.26241427098164355
5.5351,5.520519297074439,0.26342257457969875
5.5305,5.535274795646796,-0.08633569562961463
5.5310999999999995,5.532059545761253,-0.017348190436873308
5.5335,5.531232353297105,0.040980332572431125
5.5337,5.531774118923444,0.0348027734889074
5.532900000000001,5.533635582969956,-0.01329470928365907
5.5252,5.533456284777393,-0.14942960937872007
5.5185,5.531759687645239,-0.2402770253735293
5.5146,5.520323161205666,-0.10378198247681235
5.5375,5.515980497350179,0.3886140433376243
5.5381,5.531624108546017,0.11693345107496507
5.532899999999999,5.53810000174578,-0.09398329530231188
5.523499999999999,5.53289999608909,-0.17018187904572246
5.5139,5.522432477563769,-0.15474487320716054
5.5123999999999995,5.518861129855424,-0.11721083113389644
5.5061,5.514279551854858,-0.14855436433878733
5.504600000000001,5.507337433739973,-0.049729930239664905
5.5061,5.504495620000488,0.029138228501339243
5.5107,5.506091291413024,0.08363199932814215
5.5116,5.515328097387024,-0.06764092798868565
5.513800000000001,5.512452019630197,0.024447393264245918
5.510799999999999,5.515221060648621,-0.08022538739605704
5.513699999999999,5.509268138635024,0.08037908056251154
5.505299999999999,5.513330704347869,-0.14587223853140732
5.5144,5.505300134501516,0.16502004748448434
5.5116,5.509914966577513,0.03057249115476941
5.5175,5.516262010160665,0.022437514079468097
5.5161,5.513185141080821,0.05284274975397429
5.503100000000001,5.518558749422627,-0.280909840319564
5.5147,5.51423025566356,0.00851803972002673
5.5032000000000005,5.511200738747945,-0.14538339053540852
5.5046,5.511801318439456,-0.13082364639494917
5.4962,5.505918988619789,-0.1768310581818172
5.486999999999999,5.501667387254018,-0.2673115956628102
5.486300000000001,5.490374510927954,-0.07426700924035162
5.488,5.486243518213502,0.03200586345659841
5.490900000000001,5.487583686332559,0.06039654095762291
5.4871,5.490301143797554,-0.05833944702218104
5.470400000000001,5.489137949139972,-0.34253343704247824
5.464900000000001,5.471603142642504,-0.1226581024813454
5.4659,5.463992244040674,0.03490286978039026
5.467300000000001,5.464447002545839,0.05218293223641994
5.4658,5.469013602630192,-0.058794735083474464
5.4657,5.463848310377176,0.03387836183515385
5.4582,5.467022231923193,-0.1616326247333
5.450500000000001,5.452550191268441,-0.03761473751839024
5.4526,5.447835623479224,0.0873780677250505
5.4481,5.454173134776541,-0.11147252760670347
5.4474,5.444791320795653,0.04788851937341438
5.436800000000001,5.4457149016672135,-0.163973323778928
5.427,5.433839827558508,-0.12603330677184826
5.4261,5.421607144613746,0.08280082169982515
5.4198,5.423879655038307,-0.07527316576822404
5.4176,5.415429962609522,0.04005532690633916
5.4245,5.413313986389836,0.20621280505418058
5.423,5.4253500527448955,-0.0433349206139667
5.4116,5.422156835065329,-0.1950778894472821
